15
15
15
15
15
15
15
15
15
15
15
15
15
15
04
00
00
00
04
15
15
15
15
15
15
15
15
15
15
15
15
15
15
15
15
15
15
15
15
15
15
15
15
15
15
15
00
20
31
31
10
00
15
15
15
15
15
15
15
15
15
15
15
15
15
15
15
15
15
15
15
15
15
15
15
05
05
05
00
30
30
30
31
20
00
05
15
15
15
15
15
15
15
15
15
15
15
15
15
15
15
15
15
15
15
15
00
10
10
10
10
10
30
30
30
30
30
00
15
15
15
15
15
15
15
15
15
15
15
15
15
15
15
15
15
15
15
00
20
31
30
30
30
20
10
20
30
30
30
20
04
15
15
15
15
15
15
15
15
15
15
15
15
15
15
15
15
15
15
00
20
30
30
30
30
30
30
20
20
20
30
31
10
05
15
15
15
15
15
15
15
15
15
15
15
15
15
15
15
15
15
15
04
00
00
10
20
20
30
30
30
30
30
30
31
00
04
15
15
15
15
15
15
15
15
15
15
15
15
15
15
15
15
15
04
00
20
30
30
30
30
30
30
30
30
30
31
20
00
00
15
15
15
15
15
15
15
15
15
15
15
15
15
15
15
00
00
20
30
30
30
30
30
30
30
30
30
30
30
31
31
10
00
15
15
15
15
15
15
15
15
15
15
15
15
15
04
00
20
30
30
30
30
30
30
30
30
30
30
30
30
30
30
31
20
00
15
15
15
15
15
15
15
15
15
15
15
04
00
20
30
30
30
30
30
30
30
30
30
30
30
30
30
30
30
30
31
20
00
15
15
15
15
15
15
15
15
15
15
00
20
30
30
30
30
30
30
30
30
30
30
30
30
30
30
30
30
30
30
31
20
00
15
15
15
15
15
15
15
15
00
10
20
30
30
30
30
30
30
30
30
30
30
30
30
30
30
30
30
30
30
30
31
10
04
15
15
15
15
04
15
05
00
20
20
30
30
30
30
30
30
30
30
20
10
30
30
30
30
30
30
30
30
30
30
20
00
15
15
15
04
00
00
00
10
20
20
30
30
30
30
30
30
30
20
00
00
00
20
30
30
30
30
30
30
30
10
10
10
04
00
00
00
00
00
00
20
20
20
30
30
30
30
30
30
30
20
00
00
00
00
20
30
30
30
30
20
00
00
00
10
00
00
00
00
00
00
10
30
20
20
30
30
30
30
30
30
30
30
20
00
00
00
00
00
20
20
10
00
00
00
00
20
00
00
00
00
00
00
20
20
20
20
30
30
30
30
30
30
30
30
20
2a
3f
2a
15
00
00
00
00
00
15
10
30
30
10
15
15
00
00
00
20
20
20
20
30
30
30
30
30
30
30
30
20
3f
3f
2a
15
3f
15
00
15
3f
3f
25
20
30
10
15
15
00
00
00
20
20
20
20
30
30
30
30
20
20
30
30
20
2f
3f
2a
15
3f
2a
15
16
25
25
10
20
30
10
15
15
05
15
00
20
20
20
20
30
30
30
30
20
20
30
30
20
10
25
25
15
25
28
38
14
10
20
20
20
30
10
15
15
15
15
00
20
20
20
20
20
20
30
30
20
20
30
20
20
20
20
20
24
38
38
38
38
24
10
20
20
30
00
15
15
15
15
00
20
20
20
20
20
20
30
30
20
20
30
30
20
20
20
24
3c
38
38
38
38
3c
28
10
30
30
00
15
15
15
15
04
10
30
20
20
20
20
30
30
30
30
31
35
35
25
10
38
38
3c
3c
38
38
38
3c
28
20
20
00
15
15
15
15
05
00
20
20
20
20
20
30
30
35
3a
3a
3a
3a
29
15
2a
25
14
24
28
38
38
38
3c
20
00
04
15
15
15
15
15
00
10
30
20
20
20
35
3a
3a
3a
3a
3a
3a
3a
15
2a
24
24
38
38
34
24
10
38
14
00
15
15
15
15
15
15
15
00
10
20
20
35
3a
3a
3a
3a
3a
3a
3a
3a
2a
14
34
38
38
38
24
20
30
20
00
04
15
15
15
15
15
15
15
04
00
10
35
3a
3a
3a
3a
3a
3a
3a
3a
3a
3a
3a
25
14
24
14
25
39
20
00
00
15
15
15
15
15
15
15
15
15
05
00
00
25
3a
3a
3a
3a
3a
3a
3a
3a
3a
3a
3a
2a
15
2a
3a
25
00
00
15
15
15
15
15
15
15
15
15
15
15
15
00
00
00
15
29
3a
3a
3a
3a
3a
3a
3a
3a
3a
2a
25
00
00
04
15
15
15
15
15
15
15
15
15
15
15
15
15
15
15
04
00
00
00
00
14
15
15
15
15
14
00
00
00
00
15
15
15
15
15
15
15
15
15
15
15
15
15
15
15
15
15
15
15
05
04
00
00
00
00
00
00
00
04
04
15
15
15
15
15
15
15
15
